-3.14159265 |	0.0919997 |	- |	0.1013212 |	
-2.98834423 |	0.1007029 |	- |	0.1119796 |	
-2.83509581 |	0.1106468 |	- |	0.1244126 |	
-2.68184739 |	0.1220658 |	- |	0.1390375 |	
-2.52859897 |	0.1352482 |	- |	0.1564012 |	
-2.37535054 |	0.1505505 |	- |	0.1772330 |	
-2.22210212 |	0.1684143 |	- |	0.2025219 |	
-2.06885370 |	0.1893884 |	- |	0.2336364 |	
-1.91560528 |	0.2141537 |	- |	0.2725135 |	
-1.76235685 |	0.2435519 |	- |	0.3219677 |	
-1.60910843 |	0.2786113 |	- |	0.3862152 |	
-1.45586001 |	0.3205613 |	- |	0.4718031 |	
-1.30261159 |	0.3708103 |	0.3061966 |	0.5893457 |	
-1.14936317 |	0.4308421 |	0.4310262 |	0.7569818 |	
-0.99611474 |	0.5019464 |	0.4866990 |	1.0078160 |	
-0.84286632 |	0.5846505 |	0.4996003 |	1.4076108 |	
-0.68961790 |	0.6777029 |	0.4775337 |	2.1027273 |	
-0.53636948 |	0.7765831 |	0.4229158 |	3.4759369 |	
-0.38312106 |	0.8720055 |	0.3362001 |	6.8128364 |	
-0.22987263 |	0.9498106 |	0.2185845 |	18.9245455 |	
-0.07662421 |	0.9941630 |	0.0761782 |	170.3209097 |	
0.07662421 |	0.9941630 |	0.0761782 |	170.3209097 |	
0.22987263 |	0.9498106 |	0.2185845 |	18.9245455 |	
0.38312106 |	0.8720055 |	0.3362001 |	6.8128364 |	
0.53636948 |	0.7765831 |	0.4229158 |	3.4759369 |	
0.68961790 |	0.6777029 |	0.4775337 |	2.1027273 |	
0.84286632 |	0.5846505 |	0.4996003 |	1.4076108 |	
0.99611474 |	0.5019464 |	0.4866990 |	1.0078160 |	
1.14936317 |	0.4308421 |	0.4310262 |	0.7569818 |	
1.30261159 |	0.3708103 |	0.3061966 |	0.5893457 |	
1.45586001 |	0.3205613 |	- |	0.4718031 |	
1.60910843 |	0.2786113 |	- |	0.3862152 |	
1.76235685 |	0.2435519 |	- |	0.3219677 |	
1.91560528 |	0.2141537 |	- |	0.2725135 |	
2.06885370 |	0.1893884 |	- |	0.2336364 |	
2.22210212 |	0.1684143 |	- |	0.2025219 |	
2.37535054 |	0.1505505 |	- |	0.1772330 |	
2.52859897 |	0.1352482 |	- |	0.1564012 |	
2.68184739 |	0.1220658 |	- |	0.1390375 |	
2.83509581 |	0.1106468 |	- |	0.1244126 |	
2.98834423 |	0.1007029 |	- |	0.1119796 |	
3.14159265 |	0.0919997 |	- |	0.1013212 |	
